0
0
0
0
0
0
0
0
0
0
0
0
0
0
0
0
0
0
0
0
0
0
0
0
0
0
0
0
0
0
0
0
0
0
0
0
0
0
0
0
0
0
0
0
0
0
0
0
0
0
0
0
0
0
0
0
0
0
0
0
0
0
0
0
0
0
0
0
0
0
0
0
0
0
0
0
0
0
0
0
0
0
0
0
0
0
0
0
0
0
0
0
0
0
0
0
0
0
0
0
0
0
0
0
0
0
0
0
0
0
0
0
0
0
0
0
0
0
0
0
0
0
0
0
0
0
0
0
0
0
0
0
0
0
0
0
0
0
0
0
0
0
0
0
0
0
0
0
0
0
0
0
0
0
0
0
0
0
0
0
0
0
0
0
0
0
0
0
0
0
0
0
0
0
0
0
0
0
0
0
0
0
0
0
0
0
0
0
0
0
0
0
0
0
0
0
0
0
0
0
0
0
0
0
0
0
0
0
0
0
0
0
0
0
0
0
0
0
0
0
0
0
0
0
0
0
0
0
0
0
0
0
0
0
0
0
0
0
0
0
0
0
0
0
0
0
0
0
0
0
0
0
0
0
0
0
0
0
0
0
0
0
0
0
0
0
0
0
0
0
0
0
0
0
0
0
0
0
0
0
0
0
0
0
0
0
0
0
0
0
0
0
0
0
0
0
0
0
0
0
0
0
0
0
0
0
0
0
0
0
0
0
0
0
0
0
0
0
0
0
0
0
0
0
0
0
0
0
0
0
0
0
0
0
0
0
0
0
0
0
0
0
0
0
0
0
0
0
0
0
0
0
0
0
0
0
0
0
0
0
0
0
0
0
0
0
0
0
0
0
0
0
0
0
0
0
0
0
0
0
0
0
0
0
0
0
0
0
0
0
0
0
0
0
0
0
0
0
0
0
0
0
0
0
0
0
0
0
0
0
0
0
0
0
0
0
0
0
0
0
0
0
0
0
0
0
0
0
0
0
0
0
0
0
0
0
0
0
0
0
0
0
0
0
0
0
0
0
0
0
0
0
0
0
0
0
0
0
0
0
0
0
0
0
0
0
0
0
0
0
0
0
0
0
0
0
0
0
0
0
0
0
0
0
0
0
0
0
0
0
0
0
0
0
0
0
0
0
0
0
0
0
0
0
0
0
0
0
0
0
0
0
0
0
0
0
0
0
0
0
0
0
0
0
0
0
0
0
0
0
0
0
0
0
0
0
0
0
0
0
0
0
0
0
0
0
0
0
0
0
0
0
0
0
0
0
0
0
0
0
0
0
0
0
0
0
0
0
0
0
0
0
0
0
0
0
0
0
0
0
0
0
0
0
0
0
0
0
0
0
0
0
0
0
0
0
0
0
0
0
0
0
0
0
0
0
0
0
0
0
0
0
0
0
0
0
0
0
0
0
0
0
0
0
0
0
0
0
0
0
0
0
0
0
0
0
0
0
0
0
0
0
0
0
0
0
0
0
0
0
0
0
0
0
0
0
0
0
0
0
0
0
0
0
0
0
0
0
0
0
0
0
0
0
0
0
0
0
0
0
0
0
0
0
0
0
0
0
0
0
0
0
0
0
0
0
0
0
0
0
0
0
0
0
0
0
0
0
0
0
0
0
0
0
0
0
0
0
0
0
0
0
0
0
0
0
0
0
0
0
0
0
0
0
0
0
0
0
0
0
0
0
0
0
0
0
0
0
0
0
0
0
0
0
0
0
0
0
0
0
0
0
0
0
0
0
0
0
0
0
0
0
0
0
0
0
0
0
0
0
0
0
0
0
0
0
0
0
0
0
0
0
0
0
0
0
0
0
0
0
0
0
0
0
0
0
0
0
0
0
0
0
0
0
0
0
0
0
0
0
0
0
0
0
0
0
0
0
0
0
0
0
0
0
0
0
0
0
0
0
0
0
0
0
0
0
0
0
0
0
0
0
0
0
0
0
0
0
0
0
0
0
0
0
0
0
0
0
0
0
0
0
0
0
0
0
0
0
0
0
0
0
0
0
0
0
0
0
0
0
0
0
0
0
0
0
0
0
0
0
0
0
0
0
0
0
0
0
0
0
0
0
0
0
0
0
0
0
0
0
0
0
0
0
0
0
0
0
0
0
0
0
0
0
0
0
0
0
0
0
0
0
0
0
0
0
0
0
0
0
0
0
0
0
0
0
0
0
0
0
0
0
0
0
0
0
0
0
0
0
0
0
0
0
0
0
0
0
0
0
0
0
0
0
0
0
0
0
0
0
0
0
0
0
0
0
0
0
0
0
0
0
0
0
0
0
0
0
0
0
0
0
0
0
0
0
0
0
0
0
0
0
0
0
0
0
0
0
0
0
0
0
0
0
0
0
0
0
0
0
0
0
0
0
0
0
0
0
0
0
0
0
0
0
0
0
0
0
0
0
0
0
0
0
0
0
0
0
0
0
0
0
0
0
0
0
0
0
0
0
0
0
0
0
0
0
0
0
0
0
0
0
0
0
0
0
0
0
0
0
0
0
0
0
0
0
0
0
0
0
0
0
0
0
0
0
0
0
0
0
0
0
0
0
0
0
0
0
0
0
0
0
0
0
0
0
0
0
0
0
0
0
0
0
0
0
0
0
0
0
0
0
0
0
0
0
0
0
0
0
0
0
0
0
0
0
0
0
0
0
0
0
0
0
0
0
0
0
0
0
0
0
0
0
0
0
0
0
0
0
0
0
0
0
0
0
0
0
0
0
0
0
0
0
0
0
0
0
0
0
0
0
0
0
0
0
0
0
0
0
0
0
0
0
0
0
0
0
0
0
0
0
0
0
0
0
0
0
0
0
0
0
0
0
0
0
0
0
0
0
0
0
0
0
0
0
0
0
0
0
0
0
0
0
0
0
0
0
0
0
0
0
0
0
0
0
0
0
0
0
0
0
0
0
0
0
0
0
0
0
0
0
0
0
0
0
0
0
0
0
0
0
0
0
0
0
0
0
0
0
0
0
0
0
0
0
0
0
0
0
0
0
0
0
0
0
0
0
0
0
0
0
0
0
0
0
0
0
0
0
0
0
0
0
0
0
0
0
0
0
0
0
0
0
0
0
0
0
0
0
0
0
0
0
0
0
0
0
0
0
0
0
0
0
0
0
0
0
0
0
0
0
0
0
0
0
0
0
0
0
0
0
0
0
0
0
0
0
0
0
0
0
0
0
0
0
0
0
0
0
0
0
0
0
0
0
0
0
0
0
0
0
0
0
0
0
0
0
0
0
0
0
0
0
0
0
0
0
0
0
0
0
0
0
0
0
0
0
0
0
0
0
0
0
0
0
0
0
0
0
0
0
0
0
0
0
0
0
0
0
0
0
0
0
0
0
0
0
0
0
0
0
0
0
0
0
0
0
0
0
0
0
0
-1.4427
-1.5658
-1.6889
-1.812
-1.9351
-2.0582
-2.1813
-2.3044
-2.4275
-2.5506
-2.6737
-2.7968
-2.9199
-3.043
-3.1593
-3.2691
-3.3789
-3.4888
-3.5986
-3.7084
-3.8182
-3.928
-4.0379
-4.1477
-4.2575
-4.3673
-4.4771
-4.587
-4.6986
-4.8101
-4.9217
-5.0333
-5.1449
-5.2564
-5.368
-5.4796
-5.5912
-5.7028
-5.8143
-5.9259
-6.0375
-6.1586
-6.2878
-6.4169
-6.5461
-6.6752
-6.8044
-6.9336
-7.0627
-7.1919
-7.321
-7.4502
-7.5793
-7.7085
-7.8316
-7.855
-7.8784
-7.9017
-7.9251
-7.9485
-7.9719
-7.9953
-8.0187
-8.042
-8.0654
-8.0888
-8.1122
-8.1356
-8.2008
-8.2974
-8.394
-8.4906
-8.5872
-8.6839
-8.7805
-8.8771
-8.9737
-9.0703
-9.1669
-9.2635
-9.3601
-9.4602
-9.5967
-9.7332
-9.8698
-10.006
-10.143
-10.279
-10.416
-10.552
-10.689
-10.826
-10.962
-11.099
-11.235
-11.361
-11.481
-11.601
-11.72
-11.84
-11.959
-12.079
-12.198
-12.318
-12.438
-12.557
-12.677
-12.796
-12.903
-12.913
-12.922
-12.932
-12.941
-12.951
-12.96
-12.97
-12.979
-12.989
-12.999
-13.008
-13.018
-13.027
-13.102
-13.215
-13.328
-13.442
-13.555
-13.668
-13.782
-13.895
-14.008
-14.121
-14.235
-14.348
-14.461
-14.575
-14.693
-14.811
-14.929
-15.047
-15.165
-15.283
-15.401
-15.519
-15.637
-15.755
-15.873
-15.991
-16.109
-16.284
-16.49
-16.696
-16.902
-17.108
-17.314
-17.52
-17.726
-17.932
-18.138
-18.344
-18.55
-18.756
-18.948
-19.072
-19.197
-19.321
-19.446
-19.571
-19.695
-19.82
-19.944
-20.069
-20.194
-20.318
-20.443
-20.567
-20.692
-20.817
-20.941
-21.066
-21.19
-21.315
-21.44
-21.564
-21.689
-21.813
-21.938
-22.063
-22.187
-22.263
-22.142
-22.021
-21.9
-21.78
-21.659
-21.538
-21.418
-21.297
-21.176
-21.055
-20.935
-20.814
-20.693
-20.56
-20.422
-20.283
-20.145
-20.006
-19.868
-19.73
-19.591
-19.453
-19.314
-19.176
-19.038
-18.899
-18.763
-18.637
-18.511
-18.384
-18.258
-18.131
-18.005
-17.879
-17.752
-17.626
-17.499
-17.373
-17.246
-17.12
-16.997
-16.876
-16.755
-16.634
-16.513
-16.391
-16.27
-16.149
-16.028
-15.906
-15.785
-15.664
-15.543
-15.422
-15.305
-15.187
-15.07
-14.952
-14.834
-14.717
-14.599
-14.482
-14.364
-14.246
-14.129
-14.011
-13.894
-13.838
-13.8
-13.763
-13.725
-13.687
-13.65
-13.612
-13.575
-13.537
-13.499
-13.462
-13.424
-13.387
-13.343
-13.286
-13.229
-13.172
-13.115
-13.058
-13.001
-12.944
-12.886
-12.829
-12.772
-12.715
-12.658
-12.601
-12.551
-12.503
-12.456
-12.408
-12.36
-12.312
-12.264
-12.217
-12.169
-12.121
-12.073
-12.025
-11.978
-11.925
-11.864
-11.802
-11.741
-11.679
-11.617
-11.556
-11.494
-11.433
-11.371
-11.309
-11.248
-11.186
-11.124
-11.113
-11.112
-11.112
-11.111
-11.11
-11.109
-11.109
-11.108
-11.107
-11.106
-11.106
-11.105
-11.104
-11.101
-11.094
-11.087
-11.08
-11.073
-11.066
-11.059
-11.052
-11.045
-11.038
-11.031
-11.024
-11.017
-11.01
-11.008
-11.006
-11.004
-11.002
-10.999
-10.997
-10.995
-10.993
-10.991
-10.989
-10.987
-10.985
-10.983
-10.979
-10.973
-10.966
-10.959
-10.953
-10.946
-10.94
-10.933
-10.926
-10.92
-10.913
-10.906
-10.9
-10.893
-10.887
-10.88
-10.873
-10.867
-10.86
-10.853
-10.847
-10.84
-10.834
-10.827
-10.82
-10.814
-10.807
-10.8
-10.794
-10.787
-10.781
-10.774
-10.767
-10.761
-10.754
-10.747
-10.741
-10.734
-10.728
-10.721
-10.714
-10.708
-10.701
-10.694
-10.688
-10.681
-10.675
-10.668
-10.661
-10.655
-10.648
-10.641
-10.635
-10.628
-10.622
-10.615
-10.608
-10.602
-10.595
-10.588
-10.582
-10.575
-10.569
-10.562
-10.555
-10.549
-10.542
-10.535
-10.529
-10.522
-10.516
-10.509
-10.502
-10.496
-10.489
-10.482
-10.476
-10.469
-10.463
-10.456
-10.449
-10.443
-10.436
-10.429
-10.423
-10.416
-10.41
-10.403
-10.396
-10.39
-10.383
-10.376
-10.37
-10.363
-10.357
-10.35
-10.343
-10.337
-10.33
-10.323
-10.317
-10.31
-10.304
-10.297
-10.29
-10.284
-10.277
-10.27
-10.264
-10.257
-10.251
-10.244
-10.237
-10.231
-10.224
-10.217
-10.211
-10.204
-10.198
-10.191
-10.184
-10.178
-10.171
-10.164
-10.158
-10.151
-10.145
-10.138
-10.131
-10.125
-10.118
-10.111
-10.105
-10.098
-10.092
-10.085
-10.078
-10.072
-10.065
-10.058
-10.052
-10.045
-10.039
-10.032
-10.025
-10.019
-10.012
-10.005
-9.9988
-9.9922
-9.9856
-9.9789
-9.9723
-9.9657
-9.9591
-9.9524
-9.9458
-9.9392
-9.9326
-9.9259
-9.9193
-9.9127
-9.9061
-9.8994
-9.8928
-9.8862
-9.8796
-9.8729
-9.8663
-9.8597
-9.8531
-9.8464
-9.8398
-9.8332
-9.8266
-9.8199
-9.8133
-9.8067
-9.8001
-9.7934
-9.7868
-9.7802
-9.7735
-9.7669
-9.7603
-9.7537
-9.747
-9.7404
-9.7338
-9.7272
-9.7205
-9.7139
-9.7073
-9.7007
-9.694
-9.6874
-9.6808
-9.6742
-9.6675
-9.6609
-9.6543
-9.6477
-9.641
-9.6344
-9.6278
-9.6212
-9.6145
-9.6079
-9.6013
-9.5947
-9.588
-9.5814
-9.5748
-9.5682
-9.5615
-9.5549
-9.5483
-9.5417
-9.535
-9.5284
-9.5218
-9.5152
-9.5085
-9.5019
-9.4953
-9.4887
-9.482
-9.4754
-9.4688
-9.4622
-9.4555
-9.4489
-9.4423
-9.4357
-9.429
-9.4224
-9.4158
-9.4092
-9.4025
-9.3959
-9.3893
-9.3827
-9.376
-9.3694
-9.3628
-9.3562
-9.3495
-9.3429
-9.3363
-9.3297
-9.323
-9.3164
-9.3098
-9.3032
-9.2965
-9.2899
-9.2833
-9.2767
-9.27
-9.2634
-9.2568
-9.2502
-9.2435
-9.2369
-9.2303
-9.2237
-9.217
-9.2104
-9.2038
-9.1972
-9.1905
-9.1839
-9.1773
-9.1707
-9.164
-9.1574
-9.1508
-9.1442
-9.1375
-9.1309
-9.1243
-9.1177
-9.111
-9.1044
-9.0978
-9.0912
-9.0845
-9.0779
-9.0713
-9.0647
-9.058
-9.0514
-9.0448
-9.0382
-9.0315
-9.0249
-9.0183
-9.0516
-9.1031
-9.1546
-9.206
-9.2575
-9.309
-9.3605
-9.412
-9.4635
-9.515
-9.5664
-9.6179
-9.6694
-9.7145
-9.7341
-9.7537
-9.7733
-9.7929
-9.8125
-9.8321
-9.8517
-9.8713
-9.8909
-9.9105
-9.9301
-9.9497
-9.9693
-10.003
-10.041
-10.08
-10.119
-10.157
-10.196
-10.235
-10.274
-10.312
-10.351
-10.39
-10.428
-10.467
-10.504
-10.535
-10.566
-10.597
-10.628
-10.659
-10.69
-10.721
-10.752
-10.783
-10.814
-10.845
-10.876
-10.907
-11.041
-11.211
-11.381
-11.55
-11.72
-11.89
-12.06
-12.229
-12.399
-12.569
-12.738
-12.908
-13.078
-13.224
-13.302
-13.38
-13.459
-13.537
-13.616
-13.694
-13.772
-13.851
-13.929
-14.008
-14.086
-14.164
-14.243
-14.362
-14.494
-14.626
-14.758
-14.89
-15.022
-15.154
-15.285
-15.417
-15.549
-15.681
-15.813
-15.945
-16.08
-16.222
-16.365
-16.508
-16.65
-16.793
-16.935
-17.078
-17.221
-17.363
-17.506
-17.648
-17.791
-17.933
-18.085
-18.239
-18.393
-18.547
-18.7
-18.854
-19.008
-19.162
-19.316
-19.47
-19.624
-19.777
-19.931
-20.089
-20.255
-20.42
-20.586
-20.751
-20.917
-21.083
-21.248
-21.414
-21.58
-21.745
-21.911
-22.077
-22.242
-22.409
-22.576
-22.743
-22.91
-23.076
-23.243
-23.41
-23.577
-23.744
-23.91
-24.077
-24.244
-24.411
-24.507
-24.468
-24.43
-24.391
-24.353
-24.314
-24.276
-24.237
-24.198
-24.16
-24.121
-24.083
-24.044
-24.005
-24.064
-24.138
-24.212
-24.286
-24.36
-24.434
-24.509
-24.583
-24.657
-24.731
-24.805
-24.879
-24.954
-25.028
-25.102
-25.176
-25.25
-25.324
-25.398
-25.473
-25.547
-25.621
-25.695
-25.769
-25.843
-25.917
-25.992
-26.066
-26.14
-26.214
-26.288
-26.362
-26.437
-26.511
-26.585
-26.659
-26.733
-26.807
-26.881
-26.956
-27.03
-27.104
-27.178
-27.252
-27.326
-27.401
-27.475
-27.549
-27.623
-27.697
-27.771
-27.845
-27.92
-27.994
-28.068
-28.142
-28.216
-28.29
-28.365
-28.439
-28.513
-28.587
-28.661
-28.735
-28.809
-28.884
-28.958
-29.032
-29.106
-29.18
-29.254
-29.329
-29.403
-29.477
-29.551
-29.625
-29.699
-29.773
-29.848
-29.922
-29.996
-30.395
-30.813
-31.232
-31.65
-32.068
-32.486
-32.904
-33.323
-33.741
-34.159
-34.577
-34.996
-35.414
-36.281
-37.676
-39.072
-40.467
-41.863
-43.259
-44.654
-46.05
-47.445
-48.841
-50.236
-51.632
-53.028
-54.423
-55.786
-57.147
-58.508
-59.87
-61.231
-62.592
-63.954
-65.315
-66.676
-68.038
-69.399
-70.76
-72.122
-73.372
-74.506
-75.64
-76.775
-77.909
-79.043
-80.177
-81.311
-82.445
-83.579
-84.713
-85.847
-86.981
-88.116
-89.7
-91.284
-92.868
-94.452
-96.036
-97.62
-99.203
-100.79
-102.37
-103.96
-105.54
-107.12
-108.71
-110.12
-111.37
-112.62
-113.87
-115.13
-116.38
-117.63
-118.88
-120.13
-121.38
-122.64
-123.89
-125.14
-126.37
-126.89
-127.42
-127.95
-128.47
-129
-129.52
-130.05
-130.57
-131.1
-131.63
-132.15
-132.68
-133.2
-133.73
-134.27
-134.8
-135.33
-135.86
-136.4
-136.93
-137.46
-137.99
-138.53
-139.06
-139.59
-140.13
-140.66
-141.2
-141.73
-142.27
-142.81
-143.35
-143.89
-144.43
-144.96
-145.5
-146.04
-146.58
-147.12
-147.66
-148.2
-148.74
-149.28
-149.83
-150.37
-150.91
-151.45
-152
-152.54
-153.08
-153.63
-154.17
-154.71
-155.25
-155.8
-156.35
-156.89
-157.44
-157.98
-158.53
-159.08
-159.62
-160.17
-160.71
-161.26
-161.8
-162.35
-163.53
-165.12
-166.72
-168.31
-169.91
-171.5
-173.1
-174.69
-176.29
-177.88
-179.48
-181.07
-182.66
-184.44
-187.57
-190.71
-193.85
-196.98
-200.12
-203.25
-206.39
-209.52
-212.66
-215.79
-218.93
-222.06
-225.2
-227.79
-230.06
-232.33
-234.6
-236.87
-239.14
-241.41
-243.67
-245.94
-248.21
-250.48
-252.75
-255.02
-257.05
-257.68
-258.3
-258.93
-259.55
-260.17
-260.8
-261.42
-262.05
-262.67
-263.29
-263.92
-264.54
-265.17
-265.79
-266.4
-267.02
-267.63
-268.25
-268.87
-269.48
-270.1
-270.71
-271.33
-271.95
-272.56
-273.18
-273.79
-274.41
-275.03
-275.64
-276.26
-276.87
-277.49
-278.11
-278.72
-279.34
-279.95
-280.57
-281.19
-281.8
-282.42
-283.03
-283.65
-284.27
-284.88
-285.5
-286.11
-286.73
-287.35
-287.96
-288.58
-289.19
-289.81
-290.39
-290.82
-291.25
-291.68
-292.12
-292.55
-292.98
-293.41
-293.84
-294.27
-294.7
-295.14
-295.57
-296
-296.43
-296.86
-297.29
-297.72
-298.16
-298.59
-299.02
-299.45
-299.88
-300.31
-300.74
-301.18
-301.61
-302.04
-302.47
-302.9
-303.33
-303.77
-304.2
-304.63
-305.06
-305.49
-305.92
-306.35
-306.79
-307.22
-307.65
-308.08
-308.51
-308.94
-309.37
-309.81
-310.24
-310.67
-311.1
-311.53
-311.96
-312.39
-312.83
-313.26
-313.69
-314.12
-314.55
-314.98
-315.42
-315.85
-316.28
-316.71
-317.14
-317.57
-318
-318.44
-318.87
-319.3
-319.73
-320.15
-320.58
-321
-321.43
-321.86
-322.28
-322.71
-323.13
-323.56
-323.99
-324.41
-324.84
-325.27
-325.69
-326.12
-326.54
-326.97
-327.4
-327.82
-328.25
-328.67
-329.1
-329.53
-329.95
-330.38
-330.8
-331.23
-331.66
-332.08
-332.51
-332.93
-333.36
-333.79
-334.21
-334.64
-335.07
-335.49
-335.92
-336.34
-336.77
-337.2
-337.62
-338.05
-338.47
-338.9
-339.33
-339.75
-340.18
-340.6
-341.03
-341.46
-341.88
-342.31
-342.74
-343.16
-343.59
-344.01
-344.44
-344.87
-345.29
-345.72
-346.14
-346.57
-347
-347.42
-347.85
-348.27
-348.7
-349.13
-349.55
-349.98
-350.41
-350.83
-351.26
-351.68
-352.11
-352.54
-352.96
-353.39
-353.81
-354.24
-354.67
-355.09
-355.52
-355.94
-356.37
-356.8
-357.22
-357.65
-358.08
-358.5
-358.93
-359.35
-359.69
-359.89
-360.08
-360.27
-360.46
-360.66
-360.85
-361.04
-361.24
-361.43
-361.62
-361.82
-362.01
-362.2
-362.38
-362.55
-362.73
-362.91
-363.08
-363.26
-363.43
-363.61
-363.79
-363.96
-364.14
-364.31
-364.49
-364.66
-364.84
-365.02
-365.19
-365.37
-365.54
-365.72
-365.9
-366.07
-366.25
-366.42
-366.6
-366.77
-366.95
-367.12
-367.28
-367.45
-367.61
-367.77
-367.94
-368.1
-368.27
-368.43
-368.6
-368.76
-368.93
-369.09
-369.26
-369.42
-369.58
-369.75
-369.91
-370.08
-370.24
-370.41
-370.57
-370.74
-370.9
-371.07
-371.23
-371.4
-371.55
-371.69
-371.84
-371.99
-372.14
-372.29
-372.44
-372.59
-372.74
-372.89
-373.04
-373.19
-373.33
-373.48
-373.63
-373.78
-373.93
-374.08
-374.23
-374.38
-374.53
-374.68
-374.83
-374.98
-375.12
-375.27
-375.42
-375.58
-375.73
-375.89
-376.04
-376.2
-376.35
-376.51
-376.67
-376.82
-376.98
-377.13
-377.29
-377.44
-377.6
-377.75
-377.91
-378.06
-378.22
-378.37
-378.53
-378.68
-378.84
-378.99
-379.15
-379.31
-379.46
-379.62
-379.77
-379.93
-380.08
-380.24
-380.39
-380.55
-380.7
-380.86
-381.01
-381.17
-381.32
-381.48
-381.64
-381.79
-381.95
-382.1
-382.26
-382.41
-382.57
-382.72
-382.88
-383.03
-383.19
-383.34
-383.5
-383.65
-383.81
-383.97
-384.12
-384.28
-384.43
-384.59
-384.74
-384.9
-385.05
-385.21
-385.36
-385.52
-385.67
-385.83
-385.98
-386.14
-386.3
-386.45
-386.61
-386.76
-386.92
-387.07
-387.23
-387.38
-387.54
-387.69
-387.85
-388
-388.16
-388.31
-388.47
-388.62
-388.78
-388.94
-389.09
-389.25
-389.4
-389.56
-389.71
-389.87
-390.02
-390.18
-390.33
-390.49
-390.64
-390.8
-390.95
-391.11
-391.27
-391.42
-391.58
-391.73
-391.89
-392.04
-392.19
-392.21
-392.23
-392.25
-392.28
-392.3
-392.32
-392.35
-392.37
-392.39
-392.42
-392.44
-392.46
-392.49
-392.51
-392.53
-392.55
-392.58
-392.6
-392.62
-392.65
-392.67
-392.69
-392.72
-392.74
-392.76
-392.78
-392.81
-392.83
-392.85
-392.88
-392.9
-392.92
-392.95
-392.97
-392.99
-393.02
-393.04
-393.06
-393.08
-393.11
-393.11
-393.1
-393.09
-393.08
-393.07
-393.06
-393.05
-393.04
-393.03
-393.03
-393.02
-393.01
-393
-392.99
-392.96
-392.93
-392.9
-392.88
-392.85
-392.82
-392.8
-392.77
-392.74
-392.72
-392.69
-392.66
-392.63
-392.6
-392.55
-392.5
-392.46
-392.41
-392.37
-392.32
-392.28
-392.23
-392.19
-392.14
-392.1
-392.05
-392
-391.94
-391.87
-391.81
-391.75
-391.68
-391.62
-391.55
-391.49
-391.42
-391.36
-391.3
-391.23
-391.17
-391.09
-391
-390.92
-390.84
-390.75
-390.67
-390.58
-390.5
-390.42
-390.33
-390.25
-390.16
-390.08
-389.98
-389.8
-389.62
-389.44
-389.26
-389.08
-388.9
-388.72
-388.54
-388.36
-388.18
-388
-387.83
-387.65
-387.51
-387.38
-387.26
-387.14
-387.01
-386.89
-386.77
-386.64
-386.52
-386.4
-386.27
-386.15
-386.03
-385.9
-385.75
-385.61
-385.46
-385.32
-385.17
-385.03
-384.88
-384.74
-384.59
-384.45
-384.3
-384.16
-384.01
-383.85
-383.69
-383.52
-383.35
-383.18
-383.02
-382.85
-382.68
-382.51
-382.35
-382.18
-382.01
-381.85
-381.67
-381.48
-381.29
-381.1
-380.91
-380.72
-380.53
-380.34
-380.15
-379.96
-379.77
-379.58
-379.39
-379.2
-377.53
-375.42
-373.31
-371.21
-369.1
-367
-364.89
-362.79
-360.68
-358.57
-356.47
-354.36
-352.26
-350.38
-349.09
-347.79
-346.49
-345.19
-343.9
-342.6
-341.3
-340
-338.71
-337.41
-336.11
-334.81
-333.52
-332.22
-330.92
-329.63
-328.33
-327.04
-325.74
-324.45
-323.15
-321.85
-320.56
-319.26
-317.97
-316.67
-315.38
-314.12
-312.85
-311.59
-310.32
-309.05
-307.79
-306.52
-305.25
-303.99
-302.72
-301.45
-300.19
-298.92
-297.44
-295.93
-294.41
-292.89
-291.38
-289.86
-288.34
-286.83
-285.31
-283.79
-282.28
-280.76
-279.24
-277.85
-276.69
-275.53
-274.38
-273.22
-272.06
-270.9
-269.75
-268.59
-267.43
-266.27
-265.12
-263.96
-262.8
-261.64
-260.49
-259.33
-258.18
-257.02
-255.87
-254.71
-253.56
-252.4
-251.25
-250.09
-248.94
-247.78
-246.61
-245.4
-244.2
-242.99
-241.79
-240.58
-239.38
-238.17
-236.97
-235.76
-234.56
-233.35
-232.15
-230.94
-229.82
-228.71
-227.59
-226.48
-225.37
-224.26
-223.15
-222.04
-220.92
-219.81
-218.7
-217.59
-216.48
-215.36
-214.23
-213.11
-211.98
-210.85
-209.73
-208.6
-207.47
-206.35
-205.22
-204.09
-202.97
-201.84
-200.72
-199.55
-198.38
-197.21
-196.04
-194.87
-193.7
-192.53
-191.36
-190.19
-189.02
-187.86
-186.69
-185.52
-184.37
-183.25
-182.14
-181.02
-179.9
-178.78
-177.67
-176.55
-175.43
-174.32
-173.2
-172.08
-170.97
-169.85
-168.9
-167.97
-167.04
-166.1
-165.17
-164.24
-163.3
-162.37
-161.43
-160.5
-159.57
-158.63
-157.7
-156.73
-155.71
-154.69
-153.67
-152.65
-151.63
-150.61
-149.6
-148.58
-147.56
-146.54
-145.52
-144.5
-143.49
-142.47
-141.46
-140.45
-139.43
-138.42
-137.41
-136.4
-135.38
-134.37
-133.36
-132.35
-131.33
-130.32
-129.01
-127.4
-125.79
-124.18
-122.58
-120.97
-119.36
-117.75
-116.14
-114.53
-112.92
-111.31
-109.7
-108.09
-106.65
-105.21
-103.77
-102.33
-100.89
-99.453
-98.014
-96.575
-95.136
-93.697
-92.258
-90.819
-89.38
-87.772
-86.008
-84.243
-82.478
-80.713
-78.949
-77.184
-75.419
-73.654
-71.89
-70.125
-68.36
-66.595
-64.83
-63.049
-61.268
-59.488
-57.707
-55.926
-54.145
-52.365
-50.584
-48.803
-47.022
-45.242
-43.461
-41.68
-39.934
-38.217
-36.5
-34.783
-33.065
-31.348
-29.631
-27.914
-26.197
-24.48
-22.762
-21.045
-19.328
-17.688
-17.234
-16.779
-16.325
-15.871
-15.416
-14.962
-14.508
-14.054
-13.599
-13.145
-12.691
-12.236
-11.782
-11.479
-11.289
-11.098
-10.907
-10.716
-10.525
-10.334
-10.143
-9.9526
-9.7618
-9.5709
-9.3801
-9.1892
-9
-8.8268
-8.6536
-8.4803
-8.3071
-8.1339
-7.9607
-7.7875
-7.6143
-7.4411
-7.2678
-7.0946
-6.9214
-6.7482
-6.5917
-6.4461
-6.3005
-6.1549
-6.0093
-5.8637
-5.7181
-5.5725
-5.4269
-5.2813
-5.1357
-4.9901
-4.8445
-4.6992
-4.5556
-4.4121
-4.2686
-4.1251
-3.9815
-3.838
-3.6945
-3.551
-3.4074
-3.2639
-3.1204
-2.9768
-2.8333
-2.6978
-2.567
-2.4362
-2.3054
-2.1746
-2.0439
-1.9131
-1.7823
-1.6515
-1.5207
-1.3899
-1.2591
-1.1283
-1.0247
-1.0791
-1.1335
-1.1879
-1.2423
-1.2967
-1.3511
-1.4055
-1.4599
-1.5143
-1.5687
-1.6231
-1.6775
-1.7319
-1.8789
-2.0733
-2.2677
-2.4621
-2.6565
-2.8509
-3.0453
-3.2398
-3.4342
-3.6286
-3.823
-4.0174
-4.2118
-4.4028
-4.5777
-4.7526
-4.9276
-5.1025
-5.2774
-5.4524
-5.6273
-5.8022
-5.9771
-6.1521
-6.327
-6.5019
-6.6769
-6.8401
-6.9982
-7.1562
-7.3142
-7.4722
-7.6303
-7.7883
-7.9463
-8.1043
-8.2624
-8.4204
-8.5784
-8.7364
-8.8925
-9.0408
-9.1892
-9.3376
-9.4859
-9.6343
-9.7827
-9.931
-10.079
-10.228
-10.376
-10.524
-10.673
-10.821
-10.964
-11.104
-11.245
-11.385
-11.525
-11.666
-11.806
-11.947
-12.087
-12.227
-12.368
-12.508
-12.649
-12.788
-12.925
-13.062
-13.199
-13.335
-13.472
-13.609
-13.746
-13.883
-14.019
-14.156
-14.293
-14.43
-14.567
-14.704
-14.841
-14.978
-15.115
-15.252
-15.389
-15.526
-15.663
-15.8
-15.937
-16.074
-16.211
-16.348
-16.486
-16.627
-16.767
-16.908
-17.048
-17.189
-17.329
-17.47
-17.61
-17.751
-17.891
-18.032
-18.172
-18.313
-18.463
-18.616
-18.768
-18.921
-19.074
-19.226
-19.379
-19.532
-19.684
-19.837
-19.99
-20.142
-20.295
-20.449
-20.608
-20.767
-20.925
-21.084
-21.243
-21.401
-21.56
-21.718
-21.877
-22.036
-22.194
-22.353
-22.512
-22.675
-22.84
-23.005
-23.17
-23.335
-23.5
-23.665
-23.83
-23.995
-24.16
-24.325
-24.49
-24.655
-24.824
-25
-25.177
-25.353
-25.53
-25.706
-25.883
-26.059
-26.236
-26.412
-26.588
-26.765
-26.941
-27.118
-27.305
-27.494
-27.682
-27.871
-28.06
-28.249
-28.438
-28.627
-28.816
-29.005
-29.193
-29.382
-29.571
-29.701
-29.719
-29.738
-29.757
-29.775
-29.794
-29.812
-29.831
-29.849
-29.868
-29.887
-29.905
-29.924
-29.942
-29.968
-29.994
-30.021
-30.047
-30.073
-30.1
-30.126
-30.153
-30.179
-30.206
-30.232
-30.258
-30.285
-30.383
-30.601
-30.82
-31.038
-31.256
-31.474
-31.692
-31.91
-32.128
-32.346
-32.564
-32.782
-33.001
-33.219
-33.445
-33.672
-33.9
-34.127
-34.354
-34.582
-34.809
-35.036
-35.264
-35.491
-35.719
-35.946
-36.173
-36.405
-36.644
-36.883
-37.121
-37.36
-37.599
-37.837
-38.076
-38.315
-38.553
-38.792
-39.031
-39.27
-39.508
-39.759
-40.011
-40.263
-40.515
-40.767
-41.019
-41.271
-41.523
-41.775
-42.027
-42.278
-42.53
-42.782
-42.862
-42.716
-42.57
-42.424
-42.278
-42.132
-41.986
-41.839
-41.693
-41.547
-41.401
-41.255
-41.109
-40.963
-40.657
-40.343
-40.028
-39.713
-39.398
-39.084
-38.769
-38.454
-38.14
-37.825
-37.51
-37.195
-36.881
-36.578
-36.29
-36.002
-35.714
-35.426
-35.138
-34.85
-34.563
-34.275
-33.987
-33.699
-33.411
-33.123
-32.835
-32.569
-32.304
-32.039
-31.773
-31.508
-31.243
-30.978
-30.713
-30.447
-30.182
-29.917
-29.652
-29.387
-29.131
-28.884
-28.638
-28.391
-28.145
-27.898
-27.651
-27.405
-27.158
-26.912
-26.665
-26.419
-26.172
-25.927
-25.848
-25.769
-25.69
-25.611
-25.532
-25.453
-25.374
-25.295
-25.216
-25.137
-25.058
-24.979
-24.9
-24.824
-24.751
-24.677
-24.604
-24.531
-24.457
-24.384
-24.311
-24.237
-24.164
-24.091
-24.017
-23.944
-23.871
-23.803
-23.735
-23.667
-23.599
-23.531
-23.463
-23.395
-23.327
-23.259
-23.191
-23.123
-23.055
-22.987
-22.922
-22.859
-22.796
-22.733
-22.67
-22.607
-22.544
-22.481
-22.418
-22.355
-22.292
-22.229
-22.167
-22.104
-22.046
-21.988
-21.929
-21.871
-21.813
-21.755
-21.697
-21.639
-21.581
-21.523
-21.464
-21.406
-21.348
-21.293
-21.239
-21.185
-21.132
-21.078
-21.024
-20.971
-20.917
-20.863
-20.81
-20.756
-20.702
-20.649
-20.595
-20.546
-20.496
-20.447
-20.397
-20.348
-20.298
-20.249
-20.199
-20.15
-20.1
-20.051
-20.001
-19.951
-19.904
-19.858
-19.813
-19.767
-19.721
-19.675
-19.629
-19.583
-19.537
-19.492
-19.446
-19.4
-19.354
-19.311
-19.284
-19.257
-19.231
-19.204
-19.178
-19.151
-19.124
-19.098
-19.071
-19.044
-19.018
-18.991
-18.965
-18.938
-18.911
-18.885
-18.858
-18.832
-18.805
-18.778
-18.752
-18.725
-18.699
-18.672
-18.645
-18.619
-18.584
-18.504
-18.423
-18.343
-18.262
-18.182
-18.102
-18.021
-17.941
-17.86
-17.78
-17.699
-17.619
-17.539
-17.458
-17.378
-17.297
-17.217
-17.136
-17.056
-16.976
-16.895
-16.815
-16.734
-16.654
-16.573
-16.493
-16.399
-16.243
-16.086
-15.93
-15.774
-15.617
-15.461
-15.304
-15.148
-14.992
-14.835
-14.679
-14.522
-14.366
-14.212
-14.059
-13.906
-13.753
-13.6
-13.447
-13.294
-13.141
-12.988
-12.835
-12.682
-12.529
-12.376
-12.217
-12.032
-11.846
-11.661
-11.476
-11.29
-11.105
-10.92
-10.734
-10.549
-10.364
-10.178
-9.9929
-9.8075
-9.6222
-9.4369
-9.2515
-9.0662
-8.8809
-8.6955
-8.5102
-8.3249
-8.1395
-7.9542
-7.7689
-7.5835
-7.3982
-7.2129
-7.0275
-6.8422
-6.6569
-6.4715
-6.2862
-6.1009
-5.9155
-5.7302
-5.5449
-5.3595
-5.1742
-4.9889
-4.8035
-4.493
-4.1403
-3.7875
-3.4348
-3.0821
-2.7293
-2.3766
-2.0239
-1.6711
-1.3184
-0.96566
-0.61292
-0.26019

